1.107
100	
101	100
108	101
109	108
110	108
111	108
112	108
113	108
200	101
203	101
204	101
205	101
206	205
102	100
103	102
104	103
105	103
106	103
107	103
114	100
115	114
116	114
117	114
118	114
119	114
120	100
125	120
126	120
127	120
128	120
180	120
181	120
182	120
183	120
121	100
129	121
130	121
131	121
132	121
184	121
185	121
186	121
187	121
122	100
133	122
134	122
135	122
136	122
188	122
189	122
190	122
191	122
123	100
137	123
138	123
139	123
140	123
192	123
193	123
194	123
195	123
124	100
141	124
142	124
143	124
144	124
196	124
197	124
198	124
199	124
145	100
150	145
151	145
152	145
153	145
154	145
155	145
146	100
156	146
157	146
158	146
159	146
160	146
161	146
147	100
162	147
163	147
164	147
165	147
166	147
167	147
148	100
168	148
169	148
170	148
171	148
172	148
173	148
149	100
174	149
175	149
176	149
177	149
178	149
179	149
201	100
202	201

2.
113	108
108	101
101	100
100	

3.
103	Alexander	Hunold	AHUNOLD	590.423.4567	2006-01-03 00:00:00.000	IT_PROG	9000		102	60
104	Bruce	Ernst	BERNST	590.423.4568	2007-05-21 00:00:00.000	IT_PROG	6000		103	60
105	David	Austin	DAUSTIN	590.423.4569	2005-06-25 00:00:00.000	IT_PROG	4800		103	60
106	Valli	Pataballa	VPATABAL	590.423.4560	2006-02-05 00:00:00.000	IT_PROG	4800		103	60
107	Diana	Lorentz	DLORENTZ	590.423.5567	2007-02-07 00:00:00.000	IT_PROG	4200		103	60

4.
114	Den	11000		100	30
115	Alexander	3100		114	30
116	Shelli	2900		114	30
117	Sigal	2800		114	30
118	Guy	2600		114	30
119	Karen	2500		114	30
121	Adam	8200		100	50
129	Laura	3300		121	50
130	Mozhe	2800		121	50
131	James	2500		121	50
132	TJ	2100		121	50
184	Nandita	4200		121	50
185	Alexis	4100		121	50
186	Julia	3400		121	50
187	Anthony	3000		121	50
145	John	14000	0.4	100	80
150	Peter	10000	0.3	145	80
151	David	9500	0.25	145	80
152	Peter	9000	0.25	145	80
153	Christopher	8000	0.2	145	80
154	Nanette	7500	0.2	145	80
155	Oliver	7000	0.15	145	80
201	Michael	13000		100	20
202	Pat	6000		201	20
108	Nancy	12008		101	100
109	Daniel	9000		108	100
110	John	8200		108	100
111	Ismael	7700		108	100
112	Jose Manuel	7800		108	100
113	Luis	6900		108	100
200	Jennifer	4400		101	10
203	Susan	6500		101	40
204	Hermann	10000		101	70
205	Shelley	12008		101	110
206	William	8300		205	110
103	Alexander	9000		102	60
104	Bruce	6000		103	60
105	David	4800		103	60
106	Valli	4800		103	60
107	Diana	4200		103	60
100	Steven	24000			90
101	Neena	17000		100	90
108	Nancy	12008		101	100
109	Daniel	9000		108	100
110	John	8200		108	100
111	Ismael	7700		108	100
112	Jose Manuel	7800		108	100
113	Luis	6900		108	100
200	Jennifer	4400		101	10
203	Susan	6500		101	40
204	Hermann	10000		101	70
205	Shelley	12008		101	110
206	William	8300		205	110
102	Lex	17000		100	90
103	Alexander	9000		102	60
104	Bruce	6000		103	60
105	David	4800		103	60
106	Valli	4800		103	60
107	Diana	4200		103	60
114	Den	11000		100	30
115	Alexander	3100		114	30
116	Shelli	2900		114	30
117	Sigal	2800		114	30
118	Guy	2600		114	30
119	Karen	2500		114	30
120	Matthew	8000		100	50
125	Julia	3200		120	50
126	Irene	2700		120	50
127	James	2400		120	50
128	Steven	2200		120	50
180	Winston	3200		120	50
181	Jean	3100		120	50
182	Martha	2500		120	50
183	Girard	2800		120	50
121	Adam	8200		100	50
129	Laura	3300		121	50
130	Mozhe	2800		121	50
131	James	2500		121	50
132	TJ	2100		121	50
184	Nandita	4200		121	50
185	Alexis	4100		121	50
186	Julia	3400		121	50
187	Anthony	3000		121	50
122	Payam	7900		100	50
133	Jason	3300		122	50
134	Michael	2900		122	50
135	Ki	2400		122	50
136	Hazel	2200		122	50
188	Kelly	3800		122	50
189	Jennifer	3600		122	50
190	Timothy	2900		122	50
191	Randall	2500		122	50
123	Shanta	6500		100	50
137	Renske	3600		123	50
138	Stephen	3200		123	50
139	John	2700		123	50
140	Joshua	2500		123	50
192	Sarah	4000		123	50
193	Britney	3900		123	50
194	Samuel	3200		123	50
195	Vance	2800		123	50
124	Kevin	5800		100	50
141	Trenna	3500		124	50
142	Curtis	3100		124	50
143	Randall	2600		124	50
144	Peter	2500		124	50
196	Alana	3100		124	50
197	Kevin	3000		124	50
198	Donald	2600		124	50
199	Douglas	2600		124	50
145	John	14000	0.4	100	80
150	Peter	10000	0.3	145	80
151	David	9500	0.25	145	80
152	Peter	9000	0.25	145	80
153	Christopher	8000	0.2	145	80
154	Nanette	7500	0.2	145	80
155	Oliver	7000	0.15	145	80
146	Karen	13500	0.3	100	80
156	Janette	10000	0.35	146	80
157	Patrick	9500	0.35	146	80
158	Allan	9000	0.35	146	80
159	Lindsey	8000	0.3	146	80
160	Louise	7500	0.3	146	80
161	Sarath	7000	0.25	146	80
147	Alberto	12000	0.3	100	80
162	Clara	10500	0.25	147	80
163	Danielle	9500	0.15	147	80
164	Mattea	7200	0.1	147	80
165	David	6800	0.1	147	80
166	Sundar	6400	0.1	147	80
167	Amit	6200	0.1	147	80
148	Gerald	11000	0.3	100	80
168	Lisa	11500	0.25	148	80
169	Harrison	10000	0.2	148	80
170	Tayler	9600	0.2	148	80
171	William	7400	0.15	148	80
172	Elizabeth	7300	0.15	148	80
173	Sundita	6100	0.1	148	80
149	Eleni	10500	0.2	100	80
174	Ellen	11000	0.3	149	80
175	Alyssa	8800	0.25	149	80
176	Jonathon	8600	0.2	149	80
177	Jack	8400	0.2	149	80
178	Kimberely	7000	0.15	149	
179	Charles	6200	0.1	149	80
201	Michael	13000		100	20
202	Pat	6000		201	20

5. 0 ?

6.
2002	7
2003	6
2004	10
2005	29
2006	24

7.
Lex	2001-01-13
Susan	2002-06-07
William	2002-06-07
Shelley	2002-06-07
Hermann	2002-06-07

8.
4	0.35
5	0.3
6	0.3
7	0.3
8	0.3
9	0.3
10	0.3
11	0.3
12	0.25
13	0.25
14	0.25
15	0.25
16	0.25
17	0.25
18	0.2
19	0.2
20	0.2
21	0.2
22	0.2
23	0.2
24	0.2
25	0.15
26	0.15
27	0.15
28	0.15
29	0.15
30	0.1
31	0.1
32	0.1
33	0.1
34	0.1
35	0.1

